67
111
110
103
114
97
116
115
32
111
110
32
115
111
108
118
105
110
103
32
116
104
101
32
102
105
114
115
116
32
108
101
118
101
108
32
111
102
32
116
104
105
115
32
116
97
115
107
33
32
89
111
117
32
119
101
114
101
32
97
98
108
101
32
116
111
32
102
105
103
117
114
101
32
111
117
116
32
116
104
101
32
65
83
67
73
73
32
116
101
120
116
32
102
114
111
109
32
116
104
101
32
105
109
97
103
101
44
32
98
117
116
32
119
97
105
116
33
32
89
111
117
114
32
106
111
117
114
110
101
121
32
105
115
32
110
111
116
32
121
101
116
32
111
118
101
114
46
32
65
102
116
101
114
32
116
104
101
32
101
110
100
32
111
102
32
116
104
101
32
116
101
120
116
32
121
111
117
32
119
105
108
108
32
102
105
110
100
32
97
32
40
50
48
48
44
32
49
53
48
44
32
51
41
32
99
111
108
111
117
114
101
100
32
105
109
97
103
101
46
32
84
104
105
115
32
105
109
97
103
101
32
105
115
32
97
32
112
97
114
116
32
111
102
32
116
104
101
32
98
105
103
103
101
114
32
105
109
97
103
101
32
99
97
108
108
101
100
32
34
122
117
99
107
121
95
101
108
111
110
46
112
110
103
34
46
32
70
105
110
100
32
116
104
101
32
116
111
112
32
108
101
102
116
32
99
111
111
114
100
105
110
97
116
101
32
40
73
109
97
103
101
32
99
111
110
118
101
110
116
105
111
110
41
32
102
114
111
109
32
119
104
101
114
101
32
116
104
105
115
32
105
109
97
103
101
32
119
97
115
32
116
97
107
101
110
46
32
84
104
101
32
120
32
99
111
111
114
100
105
110
97
116
101
32
114
101
112
114
101
115
101
110
116
115
32
116
104
101
32
99
111
108
111
117
114
32
111
102
32
97
32
109
111
110
111
99
104
114
111
109
101
32
109
97
122
101
32
104
105
100
100
101
110
32
105
110
32
97
110
32
105
109
97
103
101
32
119
105
116
104
32
99
111
108
111
117
114
101
100
32
110
111
105
115
101
46
32
70
105
110
100
32
116
104
101
32
109
97
122
101
32
97
110
100
32
115
111
108
118
101
32
116
104
101
32
109
97
122
101
32
117
115
105
110
103
32
97
110
121
32
97
108
103
111
116
104
114
105
109
32
108
105
107
101
32
100
102
115
32
98
117
116
32
98
101
116
116
101
114
46
32
84
114
121
32
99
111
109
112
97
114
105
110
103
32
116
104
101
109
32
97
110
100
32
115
101
101
105
110
103
32
104
111
119
32
116
104
101
121
32
112
101
114
102
111
114
109
32
108
105
107
101
32
65
42
44
32
82
82
84
44
32
82
82
84
42
32
102
111
114
32
101
120
97
109
112
108
101
46
32
79
110
99
101
32
116
104
101
32
109
97
122
101
32
105
115
32
115
111
108
118
101
100
32
121
111
117
32
119
105
108
108
32
115
101
101
32
97
32
119
111
114
100
46
32
84
104
105
115
32
119
111
114
100
32
105
115
32
97
32
112
97
115
115
119
111
114
100
32
116
111
32
97
32
112
97
115
115
119
111
114
100
32
112
114
111
116
101
99
116
101
100
32
122
105
112
32
102
105
108
101
32
119
104
105
99
104
32
99
111
110
116
97
105
110
115
32
97
32
112
110
103
46
32
78
111
116
101
32
116
104
97
116
32
116
104
101
32
112
97
115
115
119
111
114
100
32
105
115
32
99
97
115
101
32
115
101
110
115
105
116
105
118
101
32
97
110
100
32
97
108
108
32
116
104
101
32
97
112
108
104
97
98
101
116
115
32
105
110
32
116
104
101
32
112
97
115
115
119
111
114
100
32
119
105
108
108
32
98
101
32
99
97
112
105
116
97
108
32
108
101
116
116
101
114
115
32
84
104
105
115
32
105
115
32
121
111
117
114
32
116
114
101
97
115
117
114
101
46
32
84
111
32
111
112
101
110
32
116
104
101
32
116
114
101
97
115
117
114
101
32
121
111
117
32
110
101
101
100
32
116
111
32
99
111
110
118
101
114
116
32
116
104
101
32
105
109
97
103
101
32
105
110
32
116
111
32
97
110
32
97
117
100
105
111
32
102
105
108
101
32
105
110
32
97
32
115
105
109
112
108
101
32
119
97
121
32
108
105
107
101
32
121
111
117
32
100
105
100
32
102
111
114
32
116
104
105
115
32
65
83
67
73
73
32
116
101
120
116
46
32
79
110
99
101
32
99
111
110
118
101
114
116
101
100
44
32
111
112
101
110
32
116
104
101
32
46
109
112
51
32
102
105
108
101
32
97
110
100
32
101
110
106
111
121
32
121
111
117
114
32
116
114
101
97
115
117
114
101
44
32
121
111
117
32
100
101
115
101
114
118
101
100
32
105
116
33
32
65
32
112
97
114
116
32
111
102
32
116
104
101
32
105
109
97
103
101
32
34
122
117
99
107
121
95
101
108
111
110
46
112
110
103
34
32
119
105
108
108
32
98
101
103
105
110
32
105
109
109
101
100
105
97
116
108
121
32
97
102
116
101
114
32
116
104
101
32
99
111
108
111
110
44
32
105
109
97
103
101
45
108
118
50
32
58
0
0
0
0
1
1
3
0
0
0
0
0
0
0
0
0
0
0
0
0
0
0
0
0
0
0
0
0
1
1
1
0
0
0
0
0
0
0
0
0
0
0
0
0
0
0
0
0
0
0
0
0
0
0
0
0
0
0
0
0
0
0
0
0
0
0
0
0
0
0
0
0
0
0
0
0
0
0
0
0
0
0
0
0
0
0
0
0
0
0
0
0
0
0
0
0
0
0
0
0
0
1
0
0
0
0
0
0
0
0
0
0
0
0
0
0
0
0
0
0
0
0
0
0
0
0
0
0
1
1
1
1
0
0
0
0
0
0
0
0
0
0
0
0
0
0
0
0
0
0
0
0
0
0
0
0
0
0
0
0
0
0
0
0
0
0
0
0
0
0
0
0
0
0
0
0
0
0
0
0
0
0
0
0
0
0
0
0
0
0
0
0
0
0
0
0
2
2
1
0
0
0
1
2
2
2
0
1
1
0
2
0
0
0
0
0
0
1
0
0
1
1
0
0
0
1
2
1
0
4
0
0
0
2
2
1
5
1
0
0
0
0
0
0
0
0
0
0
0
0
0
0
0
0
0
0
0
0
0
0
0
0
0
0
0
0
0
0
0
0
0
0
0
0
0
0
0
0
0
0
0
0
0
0
0
0
0
0
0
0
0
0
0
0
0
0
0
0
0
0
0
0
0
0
0
0
0
0
0
0
0
0
0
0
0
0
0
0
0
0
0
0
0
0
0
0
0
0
0
0
0
0
0
0
0
0
0
0
0
0
0
0
0
0
0
0
0
0
0
0
0
0
0
0
0
0
0
0
0
0
0
0
0
0
0
0
0
0
0
0
0
0
0
0
0
0
0
0
0
0
0
0
0
0
0
0
0
0
0
0
0
0
0
0
0
0
0
0
0
0
0
0
0
0
0
0
0
0
0
0
0
0
0
